# Made in Blockbench 4.2.1
mtllib penquin.mtl

o cube
v 0.25 0.7441183421944947 -0.08973675715128546
v 0.25 0.6951710201119754 -0.46152858016646436
v 0.25 0.1864306076717263 -0.016315774027506447
v 0.25 0.13748328558920697 -0.3881075970426853
v -0.25 0.6951710201119754 -0.46152858016646436
v -0.25 0.7441183421944947 -0.08973675715128546
v -0.25 0.13748328558920697 -0.3881075970426853
v -0.25 0.1864306076717263 -0.016315774027506447
vt 0 1
vt 0.25 1
vt 0.25 0.71875
vt 0 0.71875
vt 0 0.71875
vt 0.1875 0.71875
vt 0.1875 0.4375
vt 0 0.4375
vt 0.25 1
vt 0.5 1
vt 0.5 0.71875
vt 0.25 0.71875
vt 0.1875 0.71875
vt 0.375 0.71875
vt 0.375 0.4375
vt 0.1875 0.4375
vt 0.625 0.53125
vt 0.375 0.53125
vt 0.375 0.71875
vt 0.625 0.71875
vt 0.625 0.53125
vt 0.375 0.53125
vt 0.375 0.34375
vt 0.625 0.34375
vn 0 -0.13052619222005157 -0.9914448613738104
vn 1 0 0
vn 0 0.13052619222005157 0.9914448613738104
vn -1 0 0
vn 0 0.9914448613738104 -0.13052619222005157
vn 0 -0.9914448613738104 0.13052619222005157
usemtl m_0
f 4/4/1 7/3/1 5/2/1 2/1/1
f 3/8/2 4/7/2 2/6/2 1/5/2
f 8/12/3 3/11/3 1/10/3 6/9/3
f 7/16/4 8/15/4 6/14/4 5/13/4
f 6/20/5 1/19/5 2/18/5 5/17/5
f 7/24/6 4/23/6 3/22/6 8/21/6
o cube
v 0.1875 0.9218563666883309 -0.17617572202840828
v 0.1875 0.889224818633318 -0.4240369373718609
v 0.1875 0.7359604551807415 -0.1517020609871486
v 0.1875 0.7033289071257286 -0.3995632763306012
v -0.1875 0.889224818633318 -0.4240369373718609
v -0.1875 0.9218563666883309 -0.17617572202840828
v -0.1875 0.7033289071257286 -0.3995632763306012
v -0.1875 0.7359604551807415 -0.1517020609871486
vt 0.625 0.375
vt 0.8125 0.375
vt 0.8125 0.28125
vt 0.625 0.28125
vt 0.5 0.8125
vt 0.625 0.8125
vt 0.625 0.71875
vt 0.5 0.71875
vt 0.375 0.34375
vt 0.5625 0.34375
vt 0.5625 0.25
vt 0.375 0.25
vt 0.6875 1
vt 0.8125 1
vt 0.8125 0.90625
vt 0.6875 0.90625
vt 0.8125 0.5
vt 0.625 0.5
vt 0.625 0.625
vt 0.8125 0.625
vt 0.8125 0.5
vt 0.625 0.5
vt 0.625 0.375
vt 0.8125 0.375
vn 0 -0.13052619222005157 -0.9914448613738104
vn 1 0 0
vn 0 0.13052619222005157 0.9914448613738104
vn -1 0 0
vn 0 0.9914448613738104 -0.13052619222005157
vn 0 -0.9914448613738104 0.13052619222005157
usemtl m_0
f 12/28/7 15/27/7 13/26/7 10/25/7
f 11/32/8 12/31/8 10/30/8 9/29/8
f 16/36/9 11/35/9 9/34/9 14/33/9
f 15/40/10 16/39/10 14/38/10 13/37/10
f 14/44/11 9/43/11 10/42/11 13/41/11
f 15/48/12 12/47/12 11/46/12 16/45/12
o cube
v 0.0625 0.8272595147974549 -0.4158790503581077
v 0.0625 0.8109437407699484 -0.5398096580298339
v 0.0625 0.7652942109615917 -0.40772116334435443
v 0.0625 0.7489784369340852 -0.5316517710160807
v -0.0625 0.8109437407699484 -0.5398096580298339
v -0.0625 0.8272595147974549 -0.4158790503581077
v -0.0625 0.7489784369340852 -0.5316517710160807
v -0.0625 0.7652942109615917 -0.40772116334435443
vt 0.8125 0.8125
vt 0.875 0.8125
vt 0.875 0.78125
vt 0.8125 0.78125
vt 0.8125 0.78125
vt 0.875 0.78125
vt 0.875 0.75
vt 0.8125 0.75
vt 0.8125 0.75
vt 0.875 0.75
vt 0.875 0.71875
vt 0.8125 0.71875
vt 0.8125 0.71875
vt 0.875 0.71875
vt 0.875 0.6875
vt 0.8125 0.6875
vt 0.625 0.28125
vt 0.5625 0.28125
vt 0.5625 0.34375
vt 0.625 0.34375
vt 0.75 0.90625
vt 0.6875 0.90625
vt 0.6875 0.84375
vt 0.75 0.84375
vn 0 -0.13052619222005157 -0.9914448613738104
vn 1 0 0
vn 0 0.13052619222005157 0.9914448613738104
vn -1 0 0
vn 0 0.9914448613738104 -0.13052619222005157
vn 0 -0.9914448613738104 0.13052619222005157
usemtl m_0
f 20/52/13 23/51/13 21/50/13 18/49/13
f 19/56/14 20/55/14 18/54/14 17/53/14
f 24/60/15 19/59/15 17/58/15 22/57/15
f 23/64/16 24/63/16 22/62/16 21/61/16
f 22/68/17 17/67/17 18/66/17 21/65/17
f 23/72/18 20/71/18 19/70/18 24/69/18
o cube
v 0.0625 0.9756637835104407 -0.24629891287802463
v 0.0625 0.9675058964966875 -0.3082642167138878
v 0.0625 0.9136984796745777 -0.23814102586427144
v 0.0625 0.9055405926608244 -0.30010632970013457
v 0 0.9675058964966875 -0.3082642167138878
v 0 0.9756637835104407 -0.24629891287802463
v 0 0.9055405926608244 -0.30010632970013457
v 0 0.9136984796745777 -0.23814102586427144
vt 0.8125 0.40625
vt 0.84375 0.40625
vt 0.84375 0.375
vt 0.8125 0.375
vt 0.8125 0.375
vt 0.84375 0.375
vt 0.84375 0.34375
vt 0.8125 0.34375
vt 0.8125 0.34375
vt 0.84375 0.34375
vt 0.84375 0.3125
vt 0.8125 0.3125
vt 0.8125 0.3125
vt 0.84375 0.3125
vt 0.84375 0.28125
vt 0.8125 0.28125
vt 0.78125 0.15625
vt 0.75 0.15625
vt 0.75 0.1875
vt 0.78125 0.1875
vt 0.8125 0.1875
vt 0.78125 0.1875
vt 0.78125 0.15625
vt 0.8125 0.15625
vn 0 -0.13052619222005157 -0.9914448613738104
vn 1 0 0
vn 0 0.13052619222005157 0.9914448613738104
vn -1 0 0
vn 0 0.9914448613738104 -0.13052619222005157
vn 0 -0.9914448613738104 0.13052619222005157
usemtl m_0
f 28/76/19 31/75/19 29/74/19 26/73/19
f 27/80/20 28/79/20 26/78/20 25/77/20
f 32/84/21 27/83/21 25/82/21 30/81/21
f 31/88/22 32/87/22 30/86/22 29/85/22
f 30/92/23 25/91/23 26/90/23 29/89/23
f 31/96/24 28/95/24 27/94/24 32/93/24
o cube
v 0.125 0.25655379852134264 0.03749164279460348
v 0.125 0.24839591150758944 -0.02447366104125967
v 0.125 0.1945884946854795 0.0456495298083567
v 0.125 0.1864306076717263 -0.016315774027506447
v -0.0625 0.24839591150758944 -0.02447366104125967
v -0.0625 0.25655379852134264 0.03749164279460348
v -0.0625 0.1864306076717263 -0.016315774027506447
v -0.0625 0.1945884946854795 0.0456495298083567
vt 0.75 0.28125
vt 0.84375 0.28125
vt 0.84375 0.25
vt 0.75 0.25
vt 0.8125 0.5625
vt 0.84375 0.5625
vt 0.84375 0.53125
vt 0.8125 0.53125
vt 0.75 0.25
vt 0.84375 0.25
vt 0.84375 0.21875
vt 0.75 0.21875
vt 0.46875 0.1875
vt 0.5 0.1875
vt 0.5 0.15625
vt 0.46875 0.15625
vt 0.53125 0.1875
vt 0.4375 0.1875
vt 0.4375 0.21875
vt 0.53125 0.21875
vt 0.84375 0.21875
vt 0.75 0.21875
vt 0.75 0.1875
vt 0.84375 0.1875
vn 0 -0.13052619222005157 -0.9914448613738104
vn 1 0 0
vn 0 0.13052619222005157 0.9914448613738104
vn -1 0 0
vn 0 0.9914448613738104 -0.13052619222005157
vn 0 -0.9914448613738104 0.13052619222005157
usemtl m_0
f 36/100/25 39/99/25 37/98/25 34/97/25
f 35/104/26 36/103/26 34/102/26 33/101/26
f 40/108/27 35/107/27 33/106/27 38/105/27
f 39/112/28 40/111/28 38/110/28 37/109/28
f 38/116/29 33/115/29 34/114/29 37/113/29
f 39/120/30 36/119/30 35/118/30 40/117/30
o cube
v 0.0625 0.326676989370959 0.0912990596167134
v 0.0625 0.3185191023572058 0.029333755780850256
v 0.0625 0.2647116855350959 0.09945694663046663
v 0.0625 0.25655379852134264 0.03749164279460348
v 0 0.3185191023572058 0.029333755780850256
v 0 0.326676989370959 0.0912990596167134
v 0 0.25655379852134264 0.03749164279460348
v 0 0.2647116855350959 0.09945694663046663
vt 0.53125 0.21875
vt 0.5625 0.21875
vt 0.5625 0.1875
vt 0.53125 0.1875
vt 0.8125 0.6875
vt 0.84375 0.6875
vt 0.84375 0.65625
vt 0.8125 0.65625
vt 0.8125 0.65625
vt 0.84375 0.65625
vt 0.84375 0.625
vt 0.8125 0.625
vt 0.8125 0.625
vt 0.84375 0.625
vt 0.84375 0.59375
vt 0.8125 0.59375
vt 0.84375 0.5625
vt 0.8125 0.5625
vt 0.8125 0.59375
vt 0.84375 0.59375
vt 0.46875 0.1875
vt 0.4375 0.1875
vt 0.4375 0.15625
vt 0.46875 0.15625
vn 0 -0.13052619222005157 -0.9914448613738104
vn 1 0 0
vn 0 0.13052619222005157 0.9914448613738104
vn -1 0 0
vn 0 0.9914448613738104 -0.13052619222005157
vn 0 -0.9914448613738104 0.13052619222005157
usemtl m_0
f 44/124/31 47/123/31 45/122/31 42/121/31
f 43/128/32 44/127/32 42/126/32 41/125/32
f 48/132/33 43/131/33 41/130/33 46/129/33
f 47/136/34 48/135/34 46/134/34 45/133/34
f 46/140/35 41/139/35 42/138/35 45/137/35
f 47/144/36 44/143/36 43/142/36 48/141/36
o cube
v 0 1.0294712003325506 -0.316422103727641
v 0 1.0213133133187975 -0.3783874075635042
v 0 0.9675058964966875 -0.3082642167138878
v 0 0.9593480094829343 -0.37022952054975095
v -0.0625 1.0213133133187975 -0.3783874075635042
v -0.0625 1.0294712003325506 -0.316422103727641
v -0.0625 0.9593480094829343 -0.37022952054975095
v -0.0625 0.9675058964966875 -0.3082642167138878
vt 0.8125 0.53125
vt 0.84375 0.53125
vt 0.84375 0.5
vt 0.8125 0.5
vt 0.5 0.1875
vt 0.53125 0.1875
vt 0.53125 0.15625
vt 0.5 0.15625
vt 0.8125 0.5
vt 0.84375 0.5
vt 0.84375 0.46875
vt 0.8125 0.46875
vt 0.53125 0.1875
vt 0.5625 0.1875
vt 0.5625 0.15625
vt 0.53125 0.15625
vt 0.84375 0.4375
vt 0.8125 0.4375
vt 0.8125 0.46875
vt 0.84375 0.46875
vt 0.84375 0.4375
vt 0.8125 0.4375
vt 0.8125 0.40625
vt 0.84375 0.40625
vn 0 -0.13052619222005157 -0.9914448613738104
vn 1 0 0
vn 0 0.13052619222005157 0.9914448613738104
vn -1 0 0
vn 0 0.9914448613738104 -0.13052619222005157
vn 0 -0.9914448613738104 0.13052619222005157
usemtl m_0
f 52/148/37 55/147/37 53/146/37 50/145/37
f 51/152/38 52/151/38 50/150/38 49/149/38
f 56/156/39 51/155/39 49/154/39 54/153/39
f 55/160/40 56/159/40 54/158/40 53/157/40
f 54/164/41 49/163/41 50/162/41 53/161/41
f 55/168/42 52/167/42 51/166/42 56/165/42
o cube
v 0.3371511324438116 0.3271144326945386 0.07116164511655965
v 0.3389679901435066 0.5747185607375038 0.10564199900369253
v 0.3238409044514446 0.37889954647640745 -0.30000696861767034
v 0.32565776215113956 0.6265036745193727 -0.2655266147305375
v 0.27650902347026357 0.5748621735256725 0.10790183472289727
v 0.2746921657705686 0.3272580454827072 0.0734214808357645
v 0.26319879547789654 0.6266472873075413 -0.26326677901133266
v 0.26138193777820157 0.3790431592645761 -0.2977471328984655
vt 0.1875 0.25
vt 0.21875 0.25
vt 0.21875 0.0625
vt 0.1875 0.0625
vt 0.5 1
vt 0.6875 1
vt 0.6875 0.8125
vt 0.5 0.8125
vt 0.21875 0.25
vt 0.25 0.25
vt 0.25 0.0625
vt 0.21875 0.0625
vt 0 0.4375
vt 0.1875 0.4375
vt 0.1875 0.25
vt 0 0.25
vt 0.28125 0.0625
vt 0.25 0.0625
vt 0.25 0.25
vt 0.28125 0.25
vt 0.3125 0.25
vt 0.28125 0.25
vt 0.28125 0.0625
vt 0.3125 0.0625
vn 0.00726743079877982 0.9904165121718611 0.1379214155485313
vn 0.9993434667718882 -0.0022978046106976327 -0.03615737150727753
vn -0.00726743079877982 -0.9904165121718611 -0.1379214155485313
vn -0.9993434667718882 0.0022978046106976327 0.03615737150727753
vn 0.03549394131297868 -0.13809363675165037 0.989782969957947
vn -0.03549394131297868 0.13809363675165037 -0.989782969957947
usemtl m_0
f 60/172/43 63/171/43 61/170/43 58/169/43
f 59/176/44 60/175/44 58/174/44 57/173/44
f 64/180/45 59/179/45 57/178/45 62/177/45
f 63/184/46 64/183/46 62/182/46 61/181/46
f 62/188/47 57/187/47 58/186/47 61/185/47
f 63/192/48 60/191/48 59/190/48 64/189/48
o cube
v -0.22497956761537544 0.328406947788056 0.0915001665894033
v -0.2231627099156805 0.5760110758310213 0.12598052047653607
v -0.23828979560774247 0.3801920615699249 -0.2796684471448267
v -0.23647293790804752 0.6277961896128901 -0.24518809325769386
v -0.2856216765889235 0.5761546886191898 0.12824035619574103
v -0.2874385342886185 0.3285505605762246 0.09376000230860815
v -0.29893190458129054 0.6279398024010587 -0.242928257538489
v -0.3007487622809855 0.3803356743580935 -0.27740861142562184
vt 0.3125 0.25
vt 0.34375 0.25
vt 0.34375 0.0625
vt 0.3125 0.0625
vt 0.1875 0.4375
vt 0.375 0.4375
vt 0.375 0.25
vt 0.1875 0.25
vt 0.34375 0.25
vt 0.375 0.25
vt 0.375 0.0625
vt 0.34375 0.0625
vt 0.625 0.8125
vt 0.8125 0.8125
vt 0.8125 0.625
vt 0.625 0.625
vt 0.40625 0.0625
vt 0.375 0.0625
vt 0.375 0.25
vt 0.40625 0.25
vt 0.4375 0.25
vt 0.40625 0.25
vt 0.40625 0.0625
vt 0.4375 0.0625
vn 0.00726743079877982 0.9904165121718611 0.1379214155485313
vn 0.9993434667718882 -0.0022978046106976327 -0.03615737150727753
vn -0.00726743079877982 -0.9904165121718611 -0.1379214155485313
vn -0.9993434667718882 0.0022978046106976327 0.03615737150727753
vn 0.03549394131297868 -0.13809363675165037 0.989782969957947
vn -0.03549394131297868 0.13809363675165037 -0.989782969957947
usemtl m_0
f 68/196/49 71/195/49 69/194/49 66/193/49
f 67/200/50 68/199/50 66/198/50 65/197/50
f 72/204/51 67/203/51 65/202/51 70/201/51
f 71/208/52 72/207/52 70/206/52 69/205/52
f 70/212/53 65/211/53 66/210/53 69/209/53
f 71/216/54 68/215/54 67/214/54 72/213/54
o cube
v -0.0625 0.09646354870273298 -0.1355644767611231
v -0.0625 0.05588112108933868 -0.31861997809611065
v -0.0625 0.035445048257737144 -0.12203700088999167
v -0.0625 -0.005137379355657154 -0.3050925022249792
v -0.25 0.05588112108933868 -0.31861997809611065
v -0.25 0.09646354870273298 -0.1355644767611231
v -0.25 -0.005137379355657154 -0.3050925022249792
v -0.25 0.035445048257737144 -0.12203700088999167
vt 0.8125 0.9375
vt 0.90625 0.9375
vt 0.90625 0.90625
vt 0.8125 0.90625
vt 0.75 0.875
vt 0.875 0.875
vt 0.875 0.84375
vt 0.75 0.84375
vt 0.8125 0.84375
vt 0.90625 0.84375
vt 0.90625 0.8125
vt 0.8125 0.8125
vt 0.4375 0.25
vt 0.5625 0.25
vt 0.5625 0.21875
vt 0.4375 0.21875
vt 0.09375 0.125
vt 0 0.125
vt 0 0.25
vt 0.09375 0.25
vt 0.1875 0.25
vt 0.09375 0.25
vt 0.09375 0.125
vt 0.1875 0.125
vn 0 -0.21643961393810288 -0.9762960071199334
vn 1 0 0
vn 0 0.21643961393810288 0.9762960071199334
vn -1 0 0
vn 0 0.9762960071199334 -0.21643961393810288
vn 0 -0.9762960071199334 0.21643961393810288
usemtl m_0
f 76/220/55 79/219/55 77/218/55 74/217/55
f 75/224/56 76/223/56 74/222/56 73/221/56
f 80/228/57 75/227/57 73/226/57 78/225/57
f 79/232/58 80/231/58 78/230/58 77/229/58
f 78/236/59 73/235/59 74/234/59 77/233/59
f 79/240/60 76/239/60 75/238/60 80/237/60
o cube
v -0.125 0.15748204914772881 -0.14909195263225453
v -0.125 0.1439545732765974 -0.21011045307725035
v -0.125 0.09646354870273298 -0.1355644767611231
v -0.125 0.08293607283160154 -0.19658297720611892
v -0.1875 0.1439545732765974 -0.21011045307725035
v -0.1875 0.15748204914772881 -0.14909195263225453
v -0.1875 0.08293607283160154 -0.19658297720611892
v -0.1875 0.09646354870273298 -0.1355644767611231
vt 0.84375 0.5625
vt 0.875 0.5625
vt 0.875 0.53125
vt 0.84375 0.53125
vt 0.46875 0.15625
vt 0.5 0.15625
vt 0.5 0.125
vt 0.46875 0.125
vt 0.84375 0.53125
vt 0.875 0.53125
vt 0.875 0.5
vt 0.84375 0.5
vt 0.5 0.15625
vt 0.53125 0.15625
vt 0.53125 0.125
vt 0.5 0.125
vt 0.875 0.46875
vt 0.84375 0.46875
vt 0.84375 0.5
vt 0.875 0.5
vt 0.5625 0.15625
vt 0.53125 0.15625
vt 0.53125 0.125
vt 0.5625 0.125
vn 0 -0.21643961393810288 -0.9762960071199334
vn 1 0 0
vn 0 0.21643961393810288 0.9762960071199334
vn -1 0 0
vn 0 0.9762960071199334 -0.21643961393810288
vn 0 -0.9762960071199334 0.21643961393810288
usemtl m_0
f 84/244/61 87/243/61 85/242/61 82/241/61
f 83/248/62 84/247/62 82/246/62 81/245/62
f 88/252/63 83/251/63 81/250/63 86/249/63
f 87/256/64 88/255/64 86/254/64 85/253/64
f 86/260/65 81/259/65 82/258/65 85/257/65
f 87/264/66 84/263/66 83/262/66 88/261/66
o cube
v 0.1875 0.21998204914772881 -0.14909195263225453
v 0.1875 0.2064545732765974 -0.21011045307725035
v 0.1875 0.158963548702733 -0.1355644767611231
v 0.1875 0.14543607283160154 -0.19658297720611892
v 0.125 0.2064545732765974 -0.21011045307725035
v 0.125 0.21998204914772881 -0.14909195263225453
v 0.125 0.14543607283160154 -0.19658297720611892
v 0.125 0.158963548702733 -0.1355644767611231
vt 0.8125 0.1875
vt 0.84375 0.1875
vt 0.84375 0.15625
vt 0.8125 0.15625
vt 0.84375 0.6875
vt 0.875 0.6875
vt 0.875 0.65625
vt 0.84375 0.65625
vt 0.84375 0.65625
vt 0.875 0.65625
vt 0.875 0.625
vt 0.84375 0.625
vt 0.84375 0.625
vt 0.875 0.625
vt 0.875 0.59375
vt 0.84375 0.59375
vt 0.875 0.5625
vt 0.84375 0.5625
vt 0.84375 0.59375
vt 0.875 0.59375
vt 0.46875 0.15625
vt 0.4375 0.15625
vt 0.4375 0.125
vt 0.46875 0.125
vn 0 -0.21643961393810288 -0.9762960071199334
vn 1 0 0
vn 0 0.21643961393810288 0.9762960071199334
vn -1 0 0
vn 0 0.9762960071199334 -0.21643961393810288
vn 0 -0.9762960071199334 0.21643961393810288
usemtl m_0
f 92/268/67 95/267/67 93/266/67 90/265/67
f 91/272/68 92/271/68 90/270/68 89/269/68
f 96/276/69 91/275/69 89/274/69 94/273/69
f 95/280/70 96/279/70 94/278/70 93/277/70
f 94/284/71 89/283/71 90/282/71 93/281/71
f 95/288/72 92/287/72 91/286/72 96/285/72
o cube
v 0.25 0.158963548702733 -0.1355644767611231
v 0.25 0.11838112108933868 -0.31861997809611065
v 0.25 0.09794504825773714 -0.12203700088999167
v 0.25 0.057362620644342846 -0.3050925022249792
v 0.0625 0.11838112108933868 -0.31861997809611065
v 0.0625 0.158963548702733 -0.1355644767611231
v 0.0625 0.057362620644342846 -0.3050925022249792
v 0.0625 0.09794504825773714 -0.12203700088999167
vt 0.8125 1
vt 0.90625 1
vt 0.90625 0.96875
vt 0.8125 0.96875
vt 0.6875 0.84375
vt 0.8125 0.84375
vt 0.8125 0.8125
vt 0.6875 0.8125
vt 0.8125 0.96875
vt 0.90625 0.96875
vt 0.90625 0.9375
vt 0.8125 0.9375
vt 0.75 0.90625
vt 0.875 0.90625
vt 0.875 0.875
vt 0.75 0.875
vt 0.65625 0.15625
vt 0.5625 0.15625
vt 0.5625 0.28125
vt 0.65625 0.28125
vt 0.75 0.28125
vt 0.65625 0.28125
vt 0.65625 0.15625
vt 0.75 0.15625
vn 0 -0.21643961393810288 -0.9762960071199334
vn 1 0 0
vn 0 0.21643961393810288 0.9762960071199334
vn -1 0 0
vn 0 0.9762960071199334 -0.21643961393810288
vn 0 -0.9762960071199334 0.21643961393810288
usemtl m_0
f 100/292/73 103/291/73 101/290/73 98/289/73
f 99/296/74 100/295/74 98/294/74 97/293/74
f 104/300/75 99/299/75 97/298/75 102/297/75
f 103/304/76 104/303/76 102/302/76 101/301/76
f 102/308/77 97/307/77 98/306/77 101/305/77
f 103/312/78 100/311/78 99/310/78 104/309/78